posts,angry,fear,happy,neutral,sad,surprise
说不出口的那些烦恼，自己熬过的才知道。有时候最需要的不是解决问题，而是一个温暖的拥抱。🤗 #自我成长,0.0,0.0,0.83,0.0,0.14,0.0
今天看到有人在咖啡店认真看书，突然就觉得生活也可以是如此安静而美好。这个世界总是有一种温柔的力量在治愈我们。📖✨,0.0,0.0,0.99,0.0,0.0,0.06
虽然忙碌，但还是希望每一天都能用心去感受。生活中那些细碎的美好，不是随便就能遇到的。💫,0.0,0.0,0.93,0.0,0.1,0.0
有时候我们给了别人太多期望，反而忘了最重要的是自己。希望能多点时间和自己对话，找到内心的平静。🌿,0.0,0.0,0.54,0.15,0.32,0.0
今天的心情像下雨天，湿漉漉的，但也正好是洗净一切烦躁的时刻。或许，偶尔流泪也是一种疗愈。🌧️,0.0,0.0,0.64,0.16,0.29,0.0
看着别人奋斗的模样，我常常会感叹，世界上每个人都有属于自己的目标和轨迹，而我也在一路追寻中。🚶‍♀️,0.0,0.0,0.59,0.08,0.23,0.11
最近的生活节奏太快了，想放慢一点步伐。好像，我们总是忘了问自己，为什么开始这段旅程？🎒,0.0,0.0,0.0,0.16,0.72,0.16
忽然想起了那些年少时的梦想。虽然现实总是会拉扯我们走偏路，但心底的那个梦想，还是要坚持。💭,0.0,0.0,0.79,0.0,0.17,0.0
爱上一个人的时候，世界都变得温柔而明亮。而爱自己，是永远不会错的选择。💖,0.0,0.0,0.77,0.19,0.0,0.0
有时候，真希望生活可以慢下来，让我们有时间去真正感受每一刻的美好。🌸 #生活的艺术,0.0,0.0,0.83,0.14,0.0,0.0
每当我看见阳光洒进窗户，觉得一切烦恼都不重要了。生活真的很简单，享受当下就好。🌞,0.0,0.0,0.87,0.07,0.15,0.07
发现自己对世界的好奇心从未减退，总是想了解更多，探索更多。我们能从每个细节中发现不一样的精彩。🔍,0.0,0.0,0.88,0.09,0.0,0.08
今天有朋友说，人的一生其实就是不断与自己和解的过程。突然觉得，这话有道理。🤔,0.08,0.0,0.48,0.26,0.15,0.14
不管未来怎样，至少我努力过了，不留遗憾。给自己一点掌声，继续走下去。👏 #奋斗的每一天,0.0,0.0,0.99,0.0,0.0,0.0
生活中的小细节常常让人感动。比如一杯温暖的茶，和朋友的一句关心，都是值得珍藏的幸福。🍵,0.0,0.0,0.92,0.07,0.0,0.0
有时候我会想，是否我们每天的忙碌，真的是为了我们自己，还是为了别人眼中的成功？👀,0.08,0.0,0.0,0.15,0.59,0.25
生活就像是一场不断修正的旅行，每一步都在变得更好。感谢那些在我生命中出现的人，你们让我的世界更丰富。🌈,0.0,0.0,1.0,0.0,0.0,0.0
无论世界怎样变化，我始终相信温暖和爱是最重要的。人心的力量是无可替代的。💫,0.0,0.0,0.86,0.17,0.0,0.0
生活中的小幸福，就是和朋友们一起吃饭聊天，哪怕只是短短的一刻，也会觉得很满足。🍽️,0.0,0.0,0.96,0.0,0.06,0.0
看着人们为了梦想而努力奔波，心里有一种说不出的触动。或许，生活的意义就在于不断追寻吧。🌟,0.0,0.0,0.89,0.0,0.0,0.06
今天听到一首歌，感觉好像在说我内心的故事。音乐总是能带我们走进最真实的自己。🎶,0.0,0.0,0.85,0.16,0.0,0.0
为什么要那么辛苦地为别人活？最重要的是，活出自己想要的模样。加油，给自己一些爱！💪,0.0,0.0,0.98,0.0,0.0,0.0
每当觉得生活艰难时，就想想那些曾经给过我温暖的人，心里会不自觉地变得坚强起来。💓,0.0,0.0,0.85,0.0,0.19,0.0
今天买了一本新书，迫不及待地翻开了第一页。总是觉得书中的世界比现实更加吸引人。📚,0.0,0.0,0.81,0.07,0.05,0.09
想要做一个温暖的人，不为别人改变自己，只是因为想让身边的人感到安心。💝,0.0,0.0,0.79,0.16,0.05,0.0
有时候，最需要的就是放下那些束缚，去做自己真正喜欢的事。生活不必那么复杂。🌱,0.0,0.0,0.68,0.24,0.07,0.0
给自己一点空间，不必被外界的期待压得喘不过气。每个人都可以拥有自己的节奏。🌙,0.0,0.0,0.8,0.2,0.0,0.0
今天收到一封久违的信件，才知道自己曾经努力的事情并没有被遗忘。你们的关心对我来说真的很重要。📬,0.0,0.0,0.84,0.0,0.15,0.0
人生总是充满着不确定性，但无论如何，我都会坚持做最好的自己。加油！🌟,0.0,0.09,1.0,0.0,0.0,0.0
很高兴今天见到久违的朋友，聊了一些心里话，觉得一切都变得更明亮了。友谊真的是很珍贵的宝藏。💎,0.0,0.0,0.99,0.0,0.0,0.0
每次旅行，我都在想，人生何时能像旅途一样简单，带着轻松的心情去看世界。✈️,0.0,0.0,0.55,0.11,0.25,0.16
面对困境时，我们总能找到那一束光照进心里。原来，生活的意义就是不断发现希望。🌞,0.0,0.0,0.84,0.16,0.0,0.0
今天对自己笑了笑，觉得生活其实挺美好的。每个小小的进步，都值得庆祝。🎉,0.05,0.0,1.0,0.0,0.0,0.0
其实每个人都在与内心的恐惧作斗争，但只要我们勇敢面对，世界就会变得更大更美。💪,0.0,0.08,0.79,0.17,0.0,0.0
今天在公园散步，看着那些温暖的阳光洒在树叶上，突然觉得一切都那么安静和平和。🍃,0.0,0.0,0.82,0.13,0.09,0.06
生活中有很多不完美，但这些不完美让我们学会珍惜。或许，这才是人生最真实的模样。🌟,0.0,0.0,0.78,0.19,0.11,0.0
每个人心里都有一个秘密花园，只有在最安静的时刻，我们才能够真正感受到它的美丽。🌷,0.0,0.0,0.58,0.44,0.0,0.0
每天都有无数的选择，但最重要的是，我们要选择一个最适合自己的方向前行。🚶‍♀️,0.0,0.0,0.62,0.34,0.0,0.0
每次经历过一些风雨，心里总是有一份坚韧，告诉自己：这场雨过后，会有彩虹。🌈,0.0,0.0,0.86,0.12,0.0,0.0
很多时候，我们会陷入日常的琐事，但别忘了，生活的美好正是那些细小的瞬间。🌟,0.0,0.0,0.46,0.35,0.27,0.07
每一次的跌倒，都是为了下次更好地站起来。坚持走下去，成功的路就在前方。💪,0.0,0.0,0.9,0.1,0.0,0.0
最近有些焦虑，可能是工作压力太大。希望自己能找到一点平衡，别忘了享受生活中的每一个瞬间。😌,0.0,0.05,0.37,0.26,0.32,0.06
生活中最美的部分，往往是那些微不足道的瞬间：一个微笑，一个拥抱，一个问候。😊,0.0,0.0,0.78,0.17,0.07,0.0
看着身边的人越来越好，我也深知，这一路走来的每一步，都不是空白。加油！🚀,0.0,0.06,1.0,0.0,0.0,0.0
很喜欢和朋友们一起聊未来的计划，仿佛一切都充满了无限可能。未来，我们一起来！🎯,0.08,0.0,0.97,0.0,0.0,0.0
其实，最大的收获是能够看到自己不断成长。每一天都在变得更好，感谢每个鼓励我的人。🌱,0.0,0.0,0.97,0.0,0.0,0.0
今天和朋友讨论了好多未来的梦想。其实，不管多远，梦想都能指引我们前进。🌟,0.0,0.0,0.8,0.14,0.0,0.06
想过一个简单的生活，清晨醒来，感受阳光，享受每一分宁静。⏳,0.0,0.0,0.75,0.22,0.0,0.0
在忙碌的日子里，我们总是需要一个角落来休息，充电。别忘了，给自己留点时间。💆‍♀️,0.0,0.0,0.52,0.28,0.26,0.0
即使未来再不确定，我也相信，自己能够走出一条属于自己的道路。🌠,0.0,0.0,0.82,0.19,0.0,0.0
